335544366
335544338
335544354
335544367
335544374
335741039
335544875
335544554
335544555
335544668
335544747
335544748
335544749
335544750
335544751
335544752
335544753
335544754
335544755
335544756
335544757
335544571
336003075
336003077
336003087
336003088
335544343
335544390
335544425
335544426
335544429
335544440
335544456
335544570
335544579
335544590
335544591
335544592
335544608
335544612
335544634
335544709
335544714
335544730
335544743
335544763
335544764
335544796
335544798
335544821
335544822
335544823
335544824
335544825
335544826
335544849
335544851
336397215
336397216
336397217
336397218
336397219
336397220
336397221
336397222
336397223
336397224
336397225
336397226
336397227
336397228
336397229
336397230
336397231
336397232
336397233
336397234
336397235
336397237
335544702
335544789
335544360
335544362
335544446
335544546
335544359
335544658
335544598
335544599
335544685
335544512
335544619
335544850
335544439
335544458
335544618
335544873
335544438
335544708
336003085
335544463
335544502
335544509
335544511
335544515
335544516
335544532
335544551
335544568
335544573
335544580
335544581
335544588
335544589
335544595
335544620
335544621
335544622
335544635
335544636
335544640
335544662
335544759
335544760
335544800
335544817
335544818
335544837
335544853
335544854
335544855
335544867
335544396
335544552
335544883
335544578
335544587
335544596
336397208
336397209
336397210
335544617
335544395
335544872
335544487
335544488
335544489
335544490
335544491
335544492
335544493
335544494
335544495
335544496
335544691
335544693
335544694
335544500
335544566
335544690
335544692
335544695
335544696
335544637
335544638
335544643
335544659
335544660
335544710
335544639
335544642
335544531
335544534
335544535
335544536
335544545
335544547
335544558
336003099
336003100
335544669
335544565
336068815
336068814
335544647
335544368
335544414
335544427
335544457
335544435
335544334
335544454
335544860
335544861
335544577
336003090
336003091
336003092
336003093
336003094
336003095
335544574
335544576
336003089
335544572
335544348
335544575
335544582
335544688
335544466
335544838
335544839
335544597
335544469
335544352
335544790
335544550
335544553
335544707
335544529
335544645
335544644
335544632
335544633
335544607
335544625
335544680
335544646
335544593
335544594
335544682
336003074
336003086
336003096
335544351
335544549
335544657
335544746
335544815
335544816
335544858
336397206
336397207
336397212
336397214
336068812
336068813
335544475
335544476
335544507
335544530
335544539
335544540
335544541
335544543
335544630
335544674
335544728
335544729
335544542
335544544
335544537
335544538
335544347
335544879
335544880
335544664
336397213
336003098
335544533
335544628
335544624
335544631
335544672
335544434
335544445
335544465
335544670
335544671
335544403
335544650
335544679
335544681
335544477
335544663
335544684
335544321
335544836
335544349
335544665
336003097
335544380
335544583
335544584
335544586
335544713
336397205
335544600
335544601
335544602
335544603
335544605
335544652
335544651
335544715
336003079
336003101
336003102
336003103
335544361
335544371
335544444
335544765
335544766
335544793
335544356
335544379
335544437
335544467
335544881
335544473
335544474
335544519
335544585
335544655
335544718
335544678
336068816
336068817
336068818
336068829
336068830
336068852
336068853
335544616
335544615
335544548
335544604
335544606
335544810
335544508
335544649
335544517
335544848
335544518
335544560
335544677
335544697
335544698
335544699
335544700
335544701
335544712
335740929
336330753
336920577
336986113
335740930
335544322
336986114
336330754
336920578
336986115
336920579
336330755
335740932
336920580
336330756
336986116
335740933
336330757
336986117
335544326
335740934
336986118
336330758
335544327
335740935
336330759
335544328
335740936
336330760
335544329
335740937
336330761
335544330
336330762
335544331
336330763
335740940
335544332
336330764
335740941
336330765
335740942
336330766
335740943
336723983
336330767
336723984
335740945
335544337
336723985
335740946
336723986
335740947
335544339
335544340
336723987
336723988
336330772
335740948
335544341
336723989
336330773
335544342
336330774
336723990
336723991
336330775
335740951
336330776
336723992
335544345
336330777
336330778
336330779
336330780
336723996
336330781
336920605
336723997
335544350
336920606
336330782
336723998
336920607
336330783
336723999
336724000
336330784
335544353
336724001
336330785
336724002
336330786
335544355
336330787
336724003
336330788
336724004
335544357
336330789
336724005
335544358
336330790
336724006
336330791
336724008
336330792
336330793
336724009
336330794
336724010
335544363
336330795
336724011
335544364
336724012
336330796
335544365
336330797
336330798
336330799
336330800
335544369
336330801
335544370
336330802
336330803
335544372
336330804
336330807
335544376
335544377
335544378
335544382
335544383
335740991
335740992
335740993
336330817
335740994
336330818
335740995
335544392
336724044
336724045
336724046
336724047
336724048
336724049
335741012
335544407
335544408
335741018
335544418
335544419
335544420
335544428
335741036
335741038
335544431
335741042
335544442
335544443
335544450
335544468
335544485
336330934
336330935
336330936
336068796
336330940
336330941
336068797
335544510
336068798
336068799
336068800
336068801
336068802
336068803
336068804
336330952
336330953
336068820
336330965
336330967
336330972
336330973
336068840
336330985
336330990
335544559
335544561
335544562
335544563
336068856
336331002
336331005
336331010
336331011
336331012
336331014
336331015
336331016
336331017
336331018
336331019
336331020
336331021
336331022
336331023
336331025
336331026
336331031
336331033
336331034
335544609
335544610
335544611
335544613
335544614
335544623
335544626
335544627
335544641
335544656
335544666
335544673
335544675
335544703
335544704
335544705
335544706
335544711
335544716
335544731
335544740
335544741
335544742
335544767
335544768
335544769
335544770
335544771
335544772
335544773
335544774
335544775
335544776
335544777
335544778
335544779
335544780
335544781
335544782
335544783
335544784
335544785
335544786
335544787
335544788
335544794
335544797
335544801
335544803
335544804
335544805
335544806
335544811
335544812
335544814
335544820
335544835
335544840
335544842
335544843
335544844
335544845
335544846
335544847
335544859
335544866
335544868
335544869
335544870
335544871
335544874
335544876
335544877
336397211
336397236
335544333
335544335
335544344
335544346
335544373
335544384
335544385
335544387
335544388
335544394
335544397
335544398
335544399
335544400
335544401
335544402
335544404
335544405
335544406
335544409
335544410
335544411
335544412
335544413
335544415
335544416
335544417
335544422
335544423
335544432
335544436
335544448
335544449
335544470
335544471
335544472
335544506
335544528
335544557
335544569
335544653
335544654
335544717
335544721
335544722
335544723
335544724
335544725
335544726
335544727
335544732
335544733
335544734
335544735
335544736
335544737
335544738
335544739
335544745
335544791
335544795
335544809
335544819
335544831
335544834
335544841
335544856
335544882
335544324
335544375
335544381
335544386
335544389
335544391
335544393
335544424
335544430
335544451
335544453
335544455
335544460
335544661
335544676
335544683
335544758
335544761
335544792
335544799
335544813
335544827
335544828
335544829
335544830
335544832
335544852
335544857
335544862
335544863
335544864
335544865
335544878
335544744
335544667
335544459
335544336
335544323
335544421
335544461
335544464
335544325
335544441
335544648
335544447
335544689
